7.591301313475313783e-01
6.489033407095592398e-01
5.262291298411514440e-01
3.962413443603801655e-01
2.556567121738747561e-01
9.838504939653469616e-02
-4.368308558030507827e-02
-1.679919946248098761e-01
-2.685971034422175441e-01
-3.493706000568342351e-01
-4.187419517960839777e-01
-4.935542412999119888e-01
-5.644708255626517124e-01
-6.343078908022848905e-01
-7.031918746689840294e-01
-7.455476231848199298e-01
-7.582243092694340714e-01
3.046963189987981213e-01
2.940915263665592194e-01
2.720930425408516484e-01
2.342567394272368486e-01
2.045887868458989844e-01
1.494245390790486794e-01
8.114422053681111247e-02
-5.637031477999390749e-03
-1.020469362448183093e-01
-1.955907521490263257e-01
-2.582303083591688808e-01
-3.024804903371574039e-01
-3.377001861084532042e-01
-3.750005844838180113e-01
-4.173112152778955530e-01
-4.708329089600674644e-01
-5.236506996568468519e-01
-5.770543577228217647e-01
-6.243849876297633550e-01
-6.666951876808554500e-01
-6.976728296477040514e-01
-7.281832656419288119e-01
-7.246795270082597717e-01
-6.378349744139197863e-01
-4.390062706591271735e-01
-1.420881296411071193e-01
1.491541629714848161e-01
3.891558979440904453e-01
5.372597608058899965e-01
5.736089820870723388e-01
5.059251154487151014e-01
4.370578608238133711e-01
3.920200177892251281e-01
3.606447480871797229e-01
3.172196566665645978e-01
2.454967671271061080e-01
1.578591224789362979e-01
5.757256020414097675e-02
-4.999456525557051390e-02
-1.455672671271307228e-01
-2.104551847896928285e-01
-2.561199212763697886e-01
-2.960094854221528848e-01
-3.401821601517751592e-01
-3.902809992412987206e-01
-4.485325218686259663e-01
-5.102669309267475750e-01
-5.662552491712125047e-01
-6.161489449154698983e-01
-6.602989160401308011e-01
-6.930937883305349212e-01
-7.168670853405580967e-01
-7.068365599097036212e-01
-6.113378359852710275e-01
-4.095574668374181160e-01
-1.284792434173727682e-01
1.559463139443088009e-01
3.893893796623930648e-01
5.261672863924764521e-01
5.507473874714853279e-01
4.901345663199199176e-01
4.208832455821369667e-01
3.740835734853730776e-01
3.408545183558976399e-01
2.986394587952638791e-01
2.428776686272801633e-01
1.573198975080239981e-01
5.633497565245887406e-02
-5.225401347610388048e-02
-1.443799799790969063e-01
-2.194666687772776903e-01
-2.686400706184320919e-01
-3.089705798302909145e-01
-3.488797341542161368e-01
-3.963208454606284570e-01
-4.473257312599414615e-01
-5.040022674205366648e-01
-5.595750215664274663e-01
-6.105393459696353275e-01
-6.557262075977456917e-01
-6.944320889337647351e-01
-7.035125895237696048e-01
-6.343436912537598893e-01
-4.633088957445671285e-01
-2.037200837106165063e-01
8.331303433683534543e-02
3.205532317652052265e-01
4.641868437436049710e-01
5.000830276363541493e-01
4.415726877726506849e-01
3.565618140431431327e-01
3.096818293906515307e-01
2.813000886827741187e-01
2.472243543682548506e-01
1.974018632324385236e-01
1.217783793211607291e-01
2.163463362548515012e-02
-8.351813442135533339e-02
-1.752210718858553395e-01
-2.452998998797323027e-01
-2.966826259519201869e-01
-3.362702878548988750e-01
-3.798452232362666825e-01
-4.308008519906882938e-01
-4.879716886245802909e-01
-5.451656646028871789e-01
-5.967735856342781808e-01
-6.430279834907586256e-01
-6.890679619145594348e-01
-7.285774275256183818e-01
-7.462391432729075236e-01
-7.027754078137767868e-01
-5.555168334184310552e-01
-3.000076907582558405e-01
1.386565490030838843e-02
3.131944683169186616e-01
5.415479274791259456e-01
6.552321356414273490e-01
6.613883251144702102e-01
6.019814238263312411e-01
5.347504720962339420e-01
4.824879496298764003e-01
4.336243867316317280e-01
3.701601347396876740e-01
2.913898583889490412e-01
1.992942324582858693e-01
8.685341108383337616e-02
-2.841135650490259068e-02
-1.299145999955732267e-01
-2.093688797676379332e-01
-2.746145675438184108e-01
-3.347772344478660012e-01
-3.905673080345318793e-01
-4.464341512374189747e-01
-5.079947331397682841e-01
-5.698790859085695049e-01
-6.235602452166626453e-01
-6.724300337457969068e-01
-7.154372623870638437e-01
-7.510610623227989002e-01
-7.459899663399470748e-01
-6.485616389678406923e-01
-4.322379630188190602e-01
-1.327695988431624452e-01
1.846431869837463213e-01
4.556182543265723250e-01
6.314326139640027424e-01
6.790213436884748877e-01
6.319315325963755781e-01
5.600531601944952476e-01
4.999656839831597699e-01
4.399791643869276347e-01
3.789193393165558588e-01
3.024035672064329106e-01
2.083183950276943364e-01
9.676917699100054393e-02
-1.566159727605330454e-02
-1.206899695598121769e-01
-2.043058484160982791e-01
-2.702631490500096989e-01
-3.245359539812254779e-01
-3.794086452335335147e-01
-4.392177354068886319e-01
-4.996504374405796312e-01
-5.652746940285744426e-01
-6.252302966916811755e-01
-6.787059470543327366e-01
-7.225509605083064724e-01
-7.585208966861592961e-01
-7.839279074669323055e-01
-8.118588362747045650e-01
-8.137927037306318390e-01
-7.359621800041507012e-01
-5.459840916910660980e-01
-2.519092917371519302e-01
8.258368115133818410e-02
3.852854146527278090e-01
5.970749495284642938e-01
6.892151005525494201e-01
6.721167436792357952e-01
6.055060033004235898e-01
5.396394864270280811e-01
4.853862239663553346e-01
4.254473061252639354e-01
3.495335051843090901e-01
2.628969126639121856e-01
1.607370507480705979e-01
4.795198817831949900e-02
-5.875761886861597533e-02
-1.501713711574503285e-01
-2.250161733866196112e-01
-2.843561825647273889e-01
-3.389552214650531914e-01
-3.996933277359149828e-01
-4.598025299374483565e-01
-5.203439283629984757e-01
-5.747808181888081069e-01
-6.238207414335357193e-01
-6.610404489162972075e-01
-6.928702103599181372e-01
-7.242188452177059643e-01
-7.562530946585177549e-01
-7.726070181662133551e-01
-7.205660437164894683e-01
-5.603853915013244924e-01
-2.941567911393535573e-01
1.934858347640455722e-02
3.076866416896719691e-01
5.065935236452133728e-01
5.921232727980622057e-01
5.709469582987158898e-01
4.916885732689143529e-01
4.216682964289624191e-01
3.777166821858610191e-01
3.274604937488740930e-01
2.634174811038716979e-01
1.868687348785116331e-01
9.208170072775517800e-02
-1.604237736176407358e-02
-1.186957611086181530e-01
-2.072386877219500878e-01
-2.736157457583393016e-01
-3.313918433321464407e-01
-3.871191704761554608e-01
-4.427912056484233361e-01
-4.985304673495659644e-01
-5.588991881492344493e-01
-6.089410579050656969e-01
-6.535656525253030757e-01
-6.980312013690841422e-01
-7.367250368109674596e-01
-7.583056285165706845e-01
-7.231468163353663714e-01
-5.904512061596283168e-01
-3.372998691611872046e-01
-2.444981424663385250e-02
2.812656552355684569e-01
5.127791129787676594e-01
6.410037725169723810e-01
6.429274722248981000e-01
5.734862638913498234e-01
4.940409089254428343e-01
4.317069328494780311e-01
3.693042557200469367e-01
2.984157212497733358e-01
2.170499772644584047e-01
1.186561242354862433e-01
1.561460073608528232e-02
-8.705782596082140001e-02
-1.758135374723054922e-01
-2.477400806749279483e-01
-3.026127575597868935e-01
-3.586715793128804064e-01
-4.205990894206122488e-01
-4.826755877918128546e-01
-5.449067302072708729e-01
-6.050762248916298214e-01
-6.599142681656013920e-01
-6.989032755110491379e-01
-7.370008303686695905e-01
-7.699957773489469748e-01
-7.729887798921211139e-01
-6.933800808277081895e-01
-5.036940332729817893e-01
-2.115132379704006416e-01
1.151602426520661748e-01
4.058704707660751865e-01
6.027823574894468628e-01
6.854566130730087581e-01
6.651224048268207234e-01
5.882999486111738507e-01
5.154136624183336401e-01
4.539437158705228459e-01
3.820337502160325860e-01
2.933686119573846729e-01
2.040698794941898653e-01
9.706683192895765311e-02
-1.140504131916800223e-02
-1.151618103007716470e-01
-2.024102973198205480e-01
-2.714080352354377723e-01
-3.226327318035354663e-01
-3.784158945757699066e-01
-4.394675597445211190e-01
-5.019388638312365369e-01
-5.636158277367097069e-01
-6.256721337210308098e-01
-6.813326383009628007e-01
-7.277937067078786848e-01
-7.671579379071662430e-01
-7.973182390550679344e-01
-7.677813910394505337e-01
-6.335442868281823126e-01
-3.854798486128196422e-01
-6.927025490087433679e-02
2.456790769688053100e-01
4.900793913539750468e-01
6.181310260472823170e-01
6.342853114832801564e-01
5.711559200307426698e-01
4.872983006796313132e-01
4.235011283870754317e-01
3.681935760351407461e-01
2.965965029416687271e-01
2.084711879204994567e-01
1.170171121903447187e-01
1.205874770746412361e-02
-9.542719464269279472e-02
-1.868680863026869199e-01
-2.558457204469083424e-01
-3.159261328824377602e-01
-3.712084748036432180e-01
-4.264923282885214051e-01
-4.872774851693266185e-01
-5.480768801293546266e-01
-6.032851141263722017e-01
-6.566445562669622760e-01
-7.060522234754376125e-01
-7.475330946171266921e-01
-7.431010870062464413e-01
-5.842959316868443498e-01
-3.196092098023545214e-01
-8.866889549340867260e-03
2.869371708936033216e-01
5.190798530295506197e-01
5.947769982261611466e-01
5.627695899377307409e-01
4.749511970257741522e-01
3.938476830800564654e-01
3.381568564141949618e-01
2.890596911943274505e-01
2.173340323837307797e-01
1.337250973907204710e-01
3.857545771204387575e-02
-6.882515001713160330e-02
-1.776176499954360000e-01
-2.617502754648405316e-01
-3.226351205931501376e-01
-3.716175352917920338e-01
-4.159516667550727798e-01
-4.633581333799571267e-01
-5.187515306145623617e-01
-5.793317661098096316e-01
-6.341163643151255247e-01
-6.833403881320559980e-01
-7.265356370927109619e-01
-7.591412651910066645e-01
-7.825542954619835179e-01
-7.531748420116592957e-01
-6.235437134675863025e-01
-3.761175147656189433e-01
-4.804527870217797925e-02
2.660257013766799683e-01
5.179614866197870260e-01
6.702616198797858305e-01
6.987460924965767095e-01
6.301863784691233983e-01
5.662633543415604986e-01
5.102516507054994932e-01
4.492953020974708167e-01
3.795346894465200238e-01
2.837849084830971758e-01
1.765304049875576209e-01
5.916473849858894241e-02
-5.768711325226592856e-02
-1.614141292539801043e-01
-2.279524327367170589e-01
-2.878155548518632756e-01
-3.421826159059749850e-01
-3.981923601270583868e-01
-4.584247770053034854e-01
-5.235888517807008036e-01
-5.839909271028780324e-01
-6.382333956032860689e-01
-6.899421414719160150e-01
-7.384168468731788781e-01
-7.705668615311351832e-01
-7.432638717212897150e-01
-6.207396781275080766e-01
-3.839357816682230085e-01
-7.748499357978506918e-02
2.252312862136895966e-01
4.573761175159430925e-01
5.943006885852557541e-01
6.140418488599455049e-01
5.513147887073425180e-01
4.795152179767262490e-01
4.243538266834805395e-01
3.633890983766722149e-01
2.939281046955617427e-01
2.133928483386031694e-01
1.296049651830863958e-01
2.327127151151098250e-02
-8.306351080683141430e-02
-1.805288463781591635e-01
-2.514892170708842301e-01
-3.171091944292362408e-01
-3.657127912751338972e-01
-4.143728764246114582e-01
-4.692925731205691564e-01
-5.239351690695829289e-01
-5.790084030260673753e-01
-6.331147696076454556e-01
-6.815826144254348851e-01
-7.189201552698164521e-01
-7.571636360945145361e-01
-7.441861257494691850e-01
-6.405968101590737707e-01
-4.364532336801847379e-01
-1.578063470893429632e-01
1.299094905702493086e-01
3.575202769929881064e-01
4.819126724554215757e-01
5.002910412098355852e-01
4.387238450622071850e-01
3.626617310497639024e-01
3.069335715606141823e-01
2.689683980368730021e-01
2.203656011974287066e-01
1.550448874619957396e-01
7.919578600198823315e-02
-1.326446608901481194e-02
-1.153301650827267821e-01
-2.071405076905017961e-01
-2.760805575211640051e-01
-3.345448834066999666e-01
-3.876815893229185184e-01
-4.375993450085557401e-01
-4.872238325218266608e-01
-5.431023895536771784e-01
-5.928481985979681124e-01
-6.371620208410356812e-01
-6.753403084263739364e-01
-7.112353185409306944e-01
-7.087280783266122208e-01
-6.276068578074111004e-01
-4.416817908584659280e-01
-1.661324187876063174e-01
1.367650115381572329e-01
3.960861680712230992e-01
5.705902761120772437e-01
6.397202097834620016e-01
6.095620853555198115e-01
5.328294909890066711e-01
4.653885411115536996e-01
4.038504269479624709e-01
3.351239123395026165e-01
2.528940324289719599e-01
1.712959781150881766e-01
8.050541105434697031e-02
-1.574643503210340634e-02
-1.096387362681179312e-01
-1.864558506308963692e-01
-2.528691091398677093e-01
-3.141471593410140040e-01
-3.754412526882922596e-01
-4.367596557512785083e-01
-4.984602225496626016e-01
-5.545886471919869720e-01
-6.042144574681513891e-01
-6.483922104360824168e-01
-6.861877663574422748e-01
-7.183010341746338678e-01
-7.450790565480516214e-01
-7.404542153408031346e-01
-6.505417030144837742e-01
-4.506713484754297783e-01
-1.613989554266656301e-01
1.541808726772782578e-01
4.260784551325957903e-01
6.061574122556951938e-01
6.795866866453195154e-01
6.572433731176451355e-01
5.805040317539823524e-01
5.161025651361975664e-01
4.528188087166765685e-01
3.798975235261669026e-01
2.866980439357685317e-01
2.039491349024278866e-01
1.089690455899510191e-01
1.191476213105385762e-02
-9.061439015048095014e-02
-1.659072640094876039e-01
-2.347785872018821052e-01
-2.975909276029502504e-01
-3.583293200037437343e-01
-4.139659852130107565e-01
-4.751458041126404019e-01
-5.304243470615201961e-01
-5.810944295643190038e-01
-6.268110708629180960e-01
-6.647732120523273114e-01
-6.969693775901689703e-01
-7.237497582758098957e-01
-7.197511801840285051e-01
-6.349488136625938139e-01
-4.438578100090221357e-01
-1.701928852501454204e-01
1.182731276317396663e-01
3.543519348721707596e-01
4.978508994957225875e-01
5.321829117280916233e-01
4.746502392759421873e-01
3.954939486003434812e-01
3.360862146728484379e-01
2.916341058642875628e-01
2.345535131113229421e-01
1.685794236298214788e-01
9.113450586489363348e-02
1.042691593995184740e-03
-1.021717250394572063e-01
-1.974811416921442575e-01
-2.747267977399948657e-01
-3.338003138367763301e-01
-3.830072245239722339e-01
-4.278473699996299673e-01
-4.727677261558883570e-01
-5.239670682026664750e-01
-5.807475251180642672e-01
-6.323589264936855248e-01
-6.766975286413010604e-01
-7.109563315329973099e-01
-7.391044827381656468e-01
-7.617195845702954271e-01
-7.092556921602030107e-01
-5.538863369935220771e-01
-2.888190197572658713e-01
2.659294351903640496e-02
3.345161981896602188e-01
5.531587655710137330e-01
6.636020753034140851e-01
6.575598901987363964e-01
5.876313012687254256e-01
5.156448936000356253e-01
4.529392441951124448e-01
3.882947713028676029e-01
3.110739398615384732e-01
2.246613927095519325e-01
1.292845961901790131e-01
2.727326639723054447e-02
-7.717398623310506300e-02
-1.665361400244980417e-01
-2.393033271486584845e-01
-2.974715512051662181e-01
-3.457243169489819246e-01
-3.969252151284127228e-01
-4.540031185339573616e-01
-5.111206617714876277e-01
-5.699187285678894987e-01
-6.281799829061136542e-01
-6.758551062718610725e-01
-7.182025192288125082e-01
-7.525313676402094476e-01
-7.454120040319807128e-01
-6.430771430106838604e-01
-3.801870240668341894e-01
-6.623501091083258685e-02
2.382544534200316533e-01
4.900532387227802822e-01
6.475679363420101531e-01
6.396349737747363262e-01
5.708578647519281235e-01
4.962848545670769385e-01
4.364852262250931147e-01
3.795363625148822084e-01
3.060338351509612198e-01
2.164388516655699757e-01
1.228977573813263835e-01
1.558427797987507746e-02
-9.990219987675305613e-02
-1.937710649663781370e-01
-2.667344577540732287e-01
-3.285030987039635475e-01
-3.738279626016353108e-01
-4.214172278863753673e-01
-4.841346386438062366e-01
-5.414183582368081726e-01
-5.987667633940003675e-01
-6.565343368748266517e-01
-7.107495172796801652e-01
-7.448168074844662145e-01
-7.787181784623450342e-01
-7.737651400069536223e-01
-6.759568029254744426e-01
-4.570007274958043375e-01
-1.503087996647203550e-01
1.460801816858510738e-01
3.843809718686562737e-01
5.213651278830611080e-01
5.381108245595027650e-01
4.544939953749176365e-01
3.820128083404544794e-01
3.399539165412036046e-01
3.049449741164417804e-01
2.564166345319634499e-01
1.933148800638097575e-01
9.927441552356666699e-02
-1.180238084017201650e-02
-1.235597741073274497e-01
-2.216292297709156478e-01
-2.972518888954931437e-01
-3.491480711621778310e-01
-3.893603952619289488e-01
-4.333197524081698337e-01
-4.797437707668745777e-01
-5.320235673742180760e-01
-5.895752965723326522e-01
-6.529821530279479314e-01
-7.012047922782586040e-01
-6.842183642697786672e-01
-5.583065946865684026e-01
-3.120066505004466251e-01
-7.714814551493073824e-03
2.858624977901196851e-01
4.972135751871101794e-01
5.953784338244056951e-01
5.666911489268812163e-01
4.804595353150225012e-01
3.954704960115893453e-01
3.336949641905282427e-01
2.774834001488520330e-01
2.180664483451562607e-01
1.359212613559621086e-01
3.816964400050812389e-02
-6.841823180214087752e-02
-1.768390937382283701e-01
-2.702729292182065590e-01
-3.370417142760745444e-01
-3.940995998273306711e-01
-4.479985797293605798e-01
-5.011991592645083093e-01
-5.539400348670052709e-01
-6.108993834083036312e-01
-6.633137772088316675e-01
-7.144552799744122717e-01
-7.597635993334206361e-01
-7.839241708288250399e-01
-7.369099428608987257e-01
-5.753527140629759451e-01
-2.930459888123211343e-01
4.247454928769675564e-02
3.552593760227663600e-01
5.920307942278270064e-01
7.104948368799627323e-01
7.121803566202504765e-01
6.448927895088550910e-01
5.662511894873734075e-01
5.014989843073300868e-01
4.315837074134211138e-01
3.422420091771151696e-01
2.422314159555373769e-01
1.383208375151587788e-01
2.056554140673258479e-02
-9.223060135562459461e-02
-1.909643678493340158e-01
-2.685194138520248242e-01
-3.289984870630446312e-01
-3.900604860368259708e-01
-4.511319977781677037e-01
-5.152614550800342919e-01
-5.825742586075405294e-01
-6.478182827688775403e-01
-6.982599742258998043e-01
-7.425505999645048982e-01
-7.783534827510455445e-01
-8.108090402829624121e-01
-8.219151060655991436e-01
-7.115082284625582343e-01
-4.789940779608153343e-01
-1.659654760782881266e-01
1.600413901967947528e-01
4.520593624473460137e-01
6.098281415474450240e-01
6.393185643209828850e-01
5.773518172641881607e-01
4.956897146026860712e-01
4.253041855831092288e-01
3.642077877859207780e-01
2.915950720465866897e-01
2.074612339940287153e-01
1.132022405269201559e-01
1.032961331459036902e-02
-9.824364113255042164e-02
-1.948796157971954268e-01
-2.722249188052405233e-01
-3.299379700668867432e-01
-3.797140355755923014e-01
-4.406102582487413377e-01
-5.022318946547976726e-01
-5.661035054464447214e-01
-6.279047033069740102e-01
-6.889230063162936624e-01
-7.333811099565903380e-01
-7.735478677028546635e-01
-7.861616722135943425e-01
-7.176893752593190845e-01
-5.327097787460499667e-01
-2.185886469115988218e-01
1.060666250307721326e-01
3.928869754448214291e-01
5.937361715010633922e-01
6.768375090549620943e-01
6.199946387047812202e-01
5.424188536471313826e-01
4.796406675604729664e-01
4.218429790266823298e-01
3.571026519846669522e-01
2.777016436357435114e-01
1.735826297749621383e-01
6.156643681466411611e-02
-5.578523884214291184e-02
-1.656270066246171846e-01
-2.553474735784142524e-01
-3.139712264907410511e-01
-3.687383002617258265e-01
-4.235142662130721436e-01
-4.830986522167964869e-01
-5.441089838924768607e-01
-6.074854712412620650e-01
-6.658689711753134066e-01
-7.189105019676799158e-01
-7.574937679317641503e-01
-7.892122710290101484e-01
-8.041266984361777892e-01
-7.669346090068888122e-01
-6.002581841659619943e-01
-3.140177593273926204e-01
4.073055018281043771e-02
3.591719107356757812e-01
6.178312884818656370e-01
7.475361620901860293e-01
7.459598128540644302e-01
6.592724580165587600e-01
5.906726544862892503e-01
5.255524329004671591e-01
4.581829801471304364e-01
3.813136071126768112e-01
2.943528101971523148e-01
1.819816510366374374e-01
6.791359487835546549e-02
-4.926582319994561587e-02
-1.547271079997370458e-01
-2.391338686121614043e-01
-2.942013951811174310e-01
-3.485749377833844420e-01
-4.091615204041378906e-01
-4.697779893109474414e-01
-5.300834608512979829e-01
-5.902031299335157577e-01
-6.447677374633076219e-01
-6.881724104605935199e-01
-7.262632895688859724e-01
-7.632480881766506853e-01
-7.827632499099506092e-01
-7.464713792011093973e-01
-6.004889284003618322e-01
-3.410664161584001652e-01
-1.435527444083166404e-02
2.967972494994132737e-01
5.192435639756831645e-01
6.263480524261042515e-01
6.090028061241657964e-01
5.173492351518361732e-01
4.231464944081992918e-01
3.682328603877296214e-01
3.135714604436217190e-01
2.473538157945221472e-01
1.634962639573688814e-01
6.923667336704641961e-02
-5.389928605787866478e-02
-1.728477153516036757e-01
-2.688029356299947992e-01
-3.354639854316930347e-01
-3.917728987841558874e-01
-4.309597910118125874e-01
-4.802624153739044055e-01
-5.354796700171997603e-01
-5.962656749842774051e-01
-6.538583632882980501e-01
-7.123492970664054846e-01
-7.597000597048059189e-01
-8.001145846518609162e-01
-8.047204768748850157e-01
-7.178797479166870721e-01
-5.048711282046157711e-01
-1.885871101244088743e-01
1.599315450172659192e-01
4.630997127901120836e-01
6.651855467813720946e-01
7.379189518916776658e-01
6.966186231513039617e-01
6.048664930936598072e-01
5.210990117977375435e-01
4.494058932141724583e-01
3.773958305228550247e-01
2.883511025039271480e-01
1.885750806746919750e-01
7.875981333740736390e-02
-4.274125850164538221e-02
-1.658886469497231897e-01
-2.662683566967363191e-01
-3.415543512212517174e-01
-4.091707821180910476e-01
-4.705299399048680220e-01
-5.284453837502940399e-01
-5.908714866832487367e-01
-6.550090936867845048e-01
-7.103438518933458123e-01
-7.603834871624596259e-01
-8.027899449364341855e-01
-8.409491673919424759e-01
-8.423657528808048411e-01
-7.502327806032214053e-01
-5.308803987587580320e-01
-2.124596525695918725e-01
1.360929606919325519e-01
4.364918331357505732e-01
6.299673610900976550e-01
6.946781437000794091e-01
6.536572641475955070e-01
5.663975018554593399e-01
4.893499578757053436e-01
4.261384409577845256e-01
3.550238632930897142e-01
2.643156360374728231e-01
1.702528277942962354e-01
6.394624766150719397e-02
-5.683295802870191871e-02
-1.735117971045225249e-01
-2.523246344062610169e-01
-3.167711688313705198e-01
-3.710672783039823952e-01
-4.328679301386108014e-01
-4.947003728219730445e-01
-5.737498517812241738e-01
-6.434913143125252644e-01
-7.101210647045734792e-01
-7.571608363333632852e-01
-7.958278304024147820e-01
-7.901218464120584040e-01
-6.297116453101608835e-01
-3.475440405125736487e-01
-3.209818781256562614e-03
3.308456091113083919e-01
6.046151052640070800e-01
7.130446809848541845e-01
6.989160442420698782e-01
6.144739120549860267e-01
5.258670684003665663e-01
4.606747644834744415e-01
3.956358851092497408e-01
3.141484906291351353e-01
2.172557121183350537e-01
1.112580208115015179e-01
-1.215402213139585297e-02
-1.353459868200444505e-01
-2.426706423706522786e-01
-3.240903863261268558e-01
-3.903697148555799745e-01
-4.467794940978091489e-01
-5.088739368305048583e-01
-5.714033670887812555e-01
-6.395178499874419886e-01
-7.057438554406830766e-01
-7.608527522682196897e-01
-7.992364923444562619e-01
-8.331653419996232213e-01
-8.668429308802795275e-01
-8.858879550429028527e-01
-8.461146703064293950e-01
-6.824148188557007666e-01
-3.351700597698309414e-01
4.499383832643319425e-02
3.996611767544712146e-01
6.785963850556879784e-01
8.312112049116574530e-01
7.941755178894134293e-01
7.137005414858262897e-01
6.361881697965542370e-01
5.705221833583364877e-01
5.018590372045018677e-01
4.013282055161858652e-01
2.861028435214414967e-01
1.657575675443274110e-01
3.455559769962482375e-02
-9.909990939121066100e-02
-1.958362778865148646e-01
-2.646644608657974240e-01
-3.228927724006792066e-01
-3.771939220983360208e-01
-4.338892064639029433e-01
-5.059603991565690961e-01
-5.813781721776855038e-01
-6.507996320556893588e-01
-7.199560746888920004e-01
-7.782150925442362643e-01
-8.144744082757475745e-01
-7.934373447798173107e-01
-6.683513420448321529e-01
-4.160685786028734401e-01
-8.916980399810592317e-02
2.265747706769437597e-01
4.651455765144801857e-01
5.982701662955295374e-01
5.988424329535214641e-01
5.124455731748549514e-01
4.201879155682628486e-01
3.587652412004185831e-01
2.945163550220570303e-01
2.234627313310811880e-01
1.301710736654425604e-01
1.837313492926612168e-02
-1.142774962989603071e-01
-2.427805696787163625e-01
-3.593155248802584190e-01
-4.418033624569369655e-01
-4.989005339114184201e-01
-5.465080517510485514e-01
-6.004085482654528683e-01
-6.595538956484975346e-01
-7.246470751671200139e-01
-7.894936747117577980e-01
-8.516366580723384594e-01
-9.081488410754660068e-01
-9.464000348559278297e-01
-9.307338156326568912e-01
-7.941697112088152988e-01
-5.148352349581406529e-01
-1.326786215292913296e-01
2.592951901420862404e-01
5.817549175410727802e-01
7.813125547344139665e-01
8.330931886005676912e-01
7.648091028807827430e-01
6.692644960281483035e-01
5.933307195497676823e-01
5.219356814833152614e-01
4.397706957861251542e-01
3.464836674135201022e-01
2.306177549165197571e-01
9.321917204094870568e-02
-4.655266284039032143e-02
-1.787717962300319763e-01
-2.874354124626969931e-01
-3.686947842265246300e-01
-4.349452339273481294e-01
-5.046582528332134165e-01
-5.745665431451999483e-01
-6.509844858030714443e-01
-7.273691169779182841e-01
-8.010320118483590379e-01
-8.712690837391555698e-01
-9.201938624104402109e-01
-8.901816007775723572e-01
-7.310839361139210846e-01
-4.258232023314836856e-01
-3.854287093479706605e-02
3.438254567750576030e-01
6.481403278324393558e-01
8.253333324094344059e-01
8.587055470515942979e-01
7.988704947515677945e-01
7.130331008280288430e-01
6.383594176523107455e-01
5.567333811395347443e-01
4.570479973857539679e-01
3.415165658866874399e-01
2.184272339032503063e-01
7.760108247487013111e-02
-6.624918342463345655e-02
-1.909320717764705078e-01
-2.912022357705165154e-01
-3.682418138827449061e-01
-4.442685860043353863e-01
-5.114641492780351850e-01
-5.872523944727916501e-01
-6.650976165190494171e-01
-7.433707204022487192e-01
-8.142464063025133258e-01
-8.696631478438093810e-01
-8.435898904982831459e-01
-6.883409327829892455e-01
-4.053124349223441447e-01
-4.720354053976451303e-02
2.815150173976008752e-01
5.178605133704018426e-01
6.196511974237786102e-01
5.833862238102207609e-01
4.755659904844596886e-01
3.923726662644650975e-01
3.331020824470501407e-01
2.771803791910033010e-01
2.069535918466469671e-01
9.448173892502312321e-02
-3.780616746003842565e-02
-1.818567972581517089e-01
-3.226050455756773738e-01
-4.368047718964078729e-01
-5.030789244488929057e-01
-5.653786559267226508e-01
-6.233604450898919680e-01
-6.826392843674445876e-01
-7.434522075355427528e-01
-8.172533735923971365e-01
-8.841737049117598390e-01
-9.445595818742852368e-01
-9.915084876318482898e-01
-1.000000000000000000e+00
-8.879784072555209073e-01
-6.295982096604577638e-01
-2.445895378997612890e-01
1.831587286271368353e-01
5.691738627484657087e-01
8.566797452851514505e-01
1.000000000000000222e+00
9.995005124199158875e-01
9.280011279900675092e-01
8.503701551894059518e-01
