0.000000000000000000e+00
3.200000000000000067e-02
6.400000000000000133e-02
9.600000000000000200e-02
1.280000000000000027e-01
1.600000000000000033e-01
1.920000000000000040e-01
2.400000000000000189e-01
2.720000000000000195e-01
3.030000000000000471e-01
3.359999999999999654e-01
3.669999999999999929e-01
4.000000000000000222e-01
4.320000000000000506e-01
4.639999999999999680e-01
4.969999999999999973e-01
5.280000000000000249e-01
5.759999999999999565e-01
6.069999999999999840e-01
6.390000000000000124e-01
6.709999999999999298e-01
7.039999999999999591e-01
7.359999999999999876e-01
7.680000000000000160e-01
7.999999999999999334e-01
8.319999999999999618e-01
8.639999999999999902e-01
9.119999999999999218e-01
9.439999999999999503e-01
9.759999999999999787e-01
1.008000000000000007e+00
1.040000000000000036e+00
1.072000000000000064e+00
1.103999999999999870e+00
1.135000000000000009e+00
1.167000000000000037e+00
1.199999999999999956e+00
1.247999999999999998e+00
1.280000000000000027e+00
1.310999999999999943e+00
1.342999999999999972e+00
1.375000000000000000e+00
1.407000000000000028e+00
1.439000000000000057e+00
1.470999999999999863e+00
1.504000000000000004e+00
1.536000000000000032e+00
1.584000000000000075e+00
1.615999999999999881e+00
1.647999999999999909e+00
1.679999999999999938e+00
1.711999999999999966e+00
1.743999999999999995e+00
1.776000000000000023e+00
1.808000000000000052e+00
1.840000000000000080e+00
1.871999999999999886e+00
1.903000000000000025e+00
1.951999999999999957e+00
1.983999999999999986e+00
2.015000000000000124e+00
2.047000000000000153e+00
2.079000000000000181e+00
2.110999999999999766e+00
2.142999999999999794e+00
2.174999999999999822e+00
2.208000000000000185e+00
2.239999999999999769e+00
2.287999999999999812e+00
2.319999999999999840e+00
2.351999999999999869e+00
2.394000000000000128e+00
2.415999999999999925e+00
2.447999999999999954e+00
2.479999999999999982e+00
2.512000000000000011e+00
2.544000000000000039e+00
2.576000000000000068e+00
2.624000000000000110e+00
2.656000000000000139e+00
2.688000000000000167e+00
2.719999999999999751e+00
2.751999999999999780e+00
2.783999999999999808e+00
2.815999999999999837e+00
2.846999999999999975e+00
2.879000000000000004e+00
2.911000000000000032e+00
2.960999999999999854e+00
2.991999999999999993e+00
3.024000000000000021e+00
3.056000000000000050e+00
3.087000000000000188e+00
3.120000000000000107e+00
3.153000000000000025e+00
3.184000000000000163e+00
3.214999999999999858e+00
3.247999999999999776e+00
3.295999999999999819e+00
3.329000000000000181e+00
3.359999999999999876e+00
3.391999999999999904e+00
3.423000000000000043e+00
3.455999999999999961e+00
3.487999999999999989e+00
3.519000000000000128e+00
3.552000000000000046e+00
3.583000000000000185e+00
3.630999999999999783e+00
3.664000000000000146e+00
3.697000000000000064e+00
3.727999999999999758e+00
3.759999999999999787e+00
3.791999999999999815e+00
3.823999999999999844e+00
3.854999999999999982e+00
3.887000000000000011e+00
3.919999999999999929e+00
3.951999999999999957e+00
4.000000000000000000e+00
4.030999999999999694e+00
4.064000000000000057e+00
4.096999999999999531e+00
4.128999999999999559e+00
4.160999999999999588e+00
4.192000000000000171e+00
4.224000000000000199e+00
4.254999999999999893e+00
4.288000000000000256e+00
4.334999999999999964e+00
4.366999999999999993e+00
4.400000000000000355e+00
4.431000000000000050e+00
4.464000000000000412e+00
4.495999999999999552e+00
4.527999999999999581e+00
4.560999999999999943e+00
4.592999999999999972e+00
4.625000000000000000e+00
4.671000000000000263e+00
4.703000000000000291e+00
4.735000000000000320e+00
4.767000000000000348e+00
4.799000000000000377e+00
4.831000000000000405e+00
4.862999999999999545e+00
4.895999999999999908e+00
4.927999999999999936e+00
4.959999999999999964e+00
5.008000000000000007e+00
5.040000000000000036e+00
5.072000000000000064e+00
5.104000000000000092e+00
5.136000000000000121e+00
5.168000000000000149e+00
5.198999999999999844e+00
5.232000000000000206e+00
5.264000000000000234e+00
5.296000000000000263e+00
5.342999999999999972e+00
5.375000000000000000e+00
5.407000000000000028e+00
5.439000000000000057e+00
5.471000000000000085e+00
5.503000000000000114e+00
5.535000000000000142e+00
5.567000000000000171e+00
5.599000000000000199e+00
5.631999999999999673e+00
5.663999999999999702e+00
5.711000000000000298e+00
5.743999999999999773e+00
5.775999999999999801e+00
5.807999999999999829e+00
5.839000000000000412e+00
5.870999999999999552e+00
5.903999999999999915e+00
5.934999999999999609e+00
5.966999999999999638e+00
5.998999999999999666e+00
6.048000000000000043e+00
6.078999999999999737e+00
6.110999999999999766e+00
6.142999999999999794e+00
6.174999999999999822e+00
6.206999999999999851e+00
6.238999999999999879e+00
6.270999999999999908e+00
6.302999999999999936e+00
6.334999999999999964e+00
6.383000000000000007e+00
6.416000000000000369e+00
6.448000000000000398e+00
6.479999999999999538e+00
6.511999999999999567e+00
6.543999999999999595e+00
6.575000000000000178e+00
6.607999999999999652e+00
6.639000000000000234e+00
6.671999999999999709e+00
6.719999999999999751e+00
6.751999999999999780e+00
6.783999999999999808e+00
6.815999999999999837e+00
6.847999999999999865e+00
6.879999999999999893e+00
6.911999999999999922e+00
6.943999999999999950e+00
6.977000000000000313e+00
7.008000000000000007e+00
7.057000000000000384e+00
7.086999999999999744e+00
7.120000000000000107e+00
7.152000000000000135e+00
7.184000000000000163e+00
7.216000000000000192e+00
7.248999999999999666e+00
7.278999999999999915e+00
7.312000000000000277e+00
7.344000000000000306e+00
7.376000000000000334e+00
7.424999999999999822e+00
7.456999999999999851e+00
7.487999999999999545e+00
7.519999999999999574e+00
7.551999999999999602e+00
7.583999999999999631e+00
7.615999999999999659e+00
7.647999999999999687e+00
7.679000000000000270e+00
7.711999999999999744e+00
7.759999999999999787e+00
7.791999999999999815e+00
7.825000000000000178e+00
7.857000000000000206e+00
7.887999999999999901e+00
7.921000000000000263e+00
7.951999999999999957e+00
7.983999999999999986e+00
8.016000000000000014e+00
8.048000000000000043e+00
8.096000000000000085e+00
8.128000000000000114e+00
8.160000000000000142e+00
8.192000000000000171e+00
8.224999999999999645e+00
8.256999999999999673e+00
8.288000000000000256e+00
8.320000000000000284e+00
8.352000000000000313e+00
8.384000000000000341e+00
8.430999999999999162e+00
8.464000000000000412e+00
8.496000000000000441e+00
8.528000000000000469e+00
8.560000000000000497e+00
8.592999999999999972e+00
8.624000000000000554e+00
8.656000000000000583e+00
8.688000000000000611e+00
8.720000000000000639e+00
8.766999999999999460e+00
8.798999999999999488e+00
8.830999999999999517e+00
8.864000000000000767e+00
8.896000000000000796e+00
8.928000000000000824e+00
8.960000000000000853e+00
8.993000000000000327e+00
9.025000000000000355e+00
9.057000000000000384e+00
9.089000000000000412e+00
9.134999999999999787e+00
9.166999999999999815e+00
9.198999999999999844e+00
9.230999999999999872e+00
9.263999999999999346e+00
9.294999999999999929e+00
9.327999999999999403e+00
9.359999999999999432e+00
9.391999999999999460e+00
9.425000000000000711e+00
9.471000000000000085e+00
9.503000000000000114e+00
9.535000000000000142e+00
9.567000000000000171e+00
9.603999999999999204e+00
9.631000000000000227e+00
9.663999999999999702e+00
9.695999999999999730e+00
9.727000000000000313e+00
9.760999999999999233e+00
9.807999999999999829e+00
9.839999999999999858e+00
9.871999999999999886e+00
9.903000000000000469e+00
9.935000000000000497e+00
9.967999999999999972e+00
1.000000000000000000e+01
1.003200000000000003e+01
1.006400000000000006e+01
1.009600000000000009e+01
1.014300000000000068e+01
1.017600000000000016e+01
1.020800000000000018e+01
1.024000000000000021e+01
1.027200000000000024e+01
1.030300000000000082e+01
1.033500000000000085e+01
1.036699999999999910e+01
1.039899999999999913e+01
1.043200000000000038e+01
1.048000000000000043e+01
1.051200000000000045e+01
1.054400000000000048e+01
1.057600000000000051e+01
1.060800000000000054e+01
1.064000000000000057e+01
1.067099999999999937e+01
1.070400000000000063e+01
1.073499999999999943e+01
1.076699999999999946e+01
1.081600000000000072e+01
1.084800000000000075e+01
1.088000000000000078e+01
1.091099999999999959e+01
1.094400000000000084e+01
1.097599999999999909e+01
1.100799999999999912e+01
1.103999999999999915e+01
1.107300000000000040e+01
1.110399999999999920e+01
1.113599999999999923e+01
1.118299999999999983e+01
1.121599999999999930e+01
1.124900000000000055e+01
1.127999999999999936e+01
1.131099999999999994e+01
1.134299999999999997e+01
1.137599999999999945e+01
1.140799999999999947e+01
1.143999999999999950e+01
1.147199999999999953e+01
1.152100000000000080e+01
1.155199999999999960e+01
1.158399999999999963e+01
1.161599999999999966e+01
1.164799999999999969e+01
1.167999999999999972e+01
1.171199999999999974e+01
1.174399999999999977e+01
1.177599999999999980e+01
1.180799999999999983e+01
1.185699999999999932e+01
1.188899999999999935e+01
1.191999999999999993e+01
1.195100000000000051e+01
1.198300000000000054e+01
1.201600000000000001e+01
1.204700000000000060e+01
1.208200000000000074e+01
1.211200000000000010e+01
1.214300000000000068e+01
1.219200000000000017e+01
1.222400000000000020e+01
1.225600000000000023e+01
1.228800000000000026e+01
1.232000000000000028e+01
1.235200000000000031e+01
1.238299999999999912e+01
1.241600000000000037e+01
1.244800000000000040e+01
1.248000000000000043e+01
1.252800000000000047e+01
1.256000000000000050e+01
1.259200000000000053e+01
1.262400000000000055e+01
1.265600000000000058e+01
1.268800000000000061e+01
1.272100000000000009e+01
1.275200000000000067e+01
1.278400000000000070e+01
1.281600000000000072e+01
1.284800000000000075e+01
1.289499999999999957e+01
1.292699999999999960e+01
1.296000000000000085e+01
1.299300000000000033e+01
1.302399999999999913e+01
1.305700000000000038e+01
1.308900000000000041e+01
1.312100000000000044e+01
1.315199999999999925e+01
1.318399999999999928e+01
1.323199999999999932e+01
1.326399999999999935e+01
1.329599999999999937e+01
1.332799999999999940e+01
1.335999999999999943e+01
1.339199999999999946e+01
1.342399999999999949e+01
1.345700000000000074e+01
1.348799999999999955e+01
1.352100000000000080e+01
1.356700000000000017e+01
1.359900000000000020e+01
1.363199999999999967e+01
1.366399999999999970e+01
1.369599999999999973e+01
1.372700000000000031e+01
1.375900000000000034e+01
1.379199999999999982e+01
1.382399999999999984e+01
1.385599999999999987e+01
1.390399999999999991e+01
1.393500000000000050e+01
1.396799999999999997e+01
1.400000000000000000e+01
1.403200000000000003e+01
1.406400000000000006e+01
1.409600000000000009e+01
1.412800000000000011e+01
1.415900000000000070e+01
1.419100000000000072e+01
1.424000000000000021e+01
1.427200000000000024e+01
1.430400000000000027e+01
1.433600000000000030e+01
1.436800000000000033e+01
1.440000000000000036e+01
1.443099999999999916e+01
1.446400000000000041e+01
1.449499999999999922e+01
1.452800000000000047e+01
1.455899999999999928e+01
1.460699999999999932e+01
1.464000000000000057e+01
1.467200000000000060e+01
1.470400000000000063e+01
1.473600000000000065e+01
1.476900000000000013e+01
1.480000000000000071e+01
1.483200000000000074e+01
1.486400000000000077e+01
1.489600000000000080e+01
1.494400000000000084e+01
1.497599999999999909e+01
1.500799999999999912e+01
1.503999999999999915e+01
1.507199999999999918e+01
1.510500000000000043e+01
1.513599999999999923e+01
1.516699999999999982e+01
1.519899999999999984e+01
1.523099999999999987e+01
1.527899999999999991e+01
1.531199999999999939e+01
1.534299999999999997e+01
1.537500000000000000e+01
1.540799999999999947e+01
1.543999999999999950e+01
1.547100000000000009e+01
1.550300000000000011e+01
1.553599999999999959e+01
1.556799999999999962e+01
1.561599999999999966e+01
1.564799999999999969e+01
1.567999999999999972e+01
1.571199999999999974e+01
1.574499999999999922e+01
1.577599999999999980e+01
1.580799999999999983e+01
1.583900000000000041e+01
1.587100000000000044e+01
1.590300000000000047e+01
1.595299999999999940e+01
1.598399999999999821e+01
1.601500000000000057e+01
1.604700000000000060e+01
1.607999999999999829e+01
1.611199999999999832e+01
1.614499999999999957e+01
1.617699999999999960e+01
1.620799999999999841e+01
1.623999999999999844e+01
1.628900000000000148e+01
1.632100000000000151e+01
1.635200000000000031e+01
1.638500000000000156e+01
1.641600000000000037e+01
1.644800000000000040e+01
1.648000000000000043e+01
1.651200000000000045e+01
1.654400000000000048e+01
1.657499999999999929e+01
1.660800000000000054e+01
1.665700000000000003e+01
1.668799999999999883e+01
1.672100000000000009e+01
1.675300000000000011e+01
1.678399999999999892e+01
1.681599999999999895e+01
1.684799999999999898e+01
1.687999999999999901e+01
1.691199999999999903e+01
1.694300000000000139e+01
1.699200000000000088e+01
1.702400000000000091e+01
1.705600000000000094e+01
1.708899999999999864e+01
1.712099999999999866e+01
1.715299999999999869e+01
1.718400000000000105e+01
1.721600000000000108e+01
1.724699999999999989e+01
1.728000000000000114e+01
1.732799999999999940e+01
1.735999999999999943e+01
1.739199999999999946e+01
1.742399999999999949e+01
1.745599999999999952e+01
1.748900000000000077e+01
1.752100000000000080e+01
1.755300000000000082e+01
1.758399999999999963e+01
1.761599999999999966e+01
1.766400000000000148e+01
1.769600000000000151e+01
1.772800000000000153e+01
1.776000000000000156e+01
1.779200000000000159e+01
1.782400000000000162e+01
1.785699999999999932e+01
1.788899999999999935e+01
1.792099999999999937e+01
1.795200000000000173e+01
1.799899999999999878e+01
1.803200000000000003e+01
1.806299999999999883e+01
1.809499999999999886e+01
1.812699999999999889e+01
1.816000000000000014e+01
1.819200000000000017e+01
1.822400000000000020e+01
1.825600000000000023e+01
1.828900000000000148e+01
1.832100000000000151e+01
1.836799999999999855e+01
1.839999999999999858e+01
1.843199999999999861e+01
1.846399999999999864e+01
1.849500000000000099e+01
1.852799999999999869e+01
1.855999999999999872e+01
1.859100000000000108e+01
1.862399999999999878e+01
1.865700000000000003e+01
1.870299999999999940e+01
1.873600000000000065e+01
1.876800000000000068e+01
1.880000000000000071e+01
1.883200000000000074e+01
1.886400000000000077e+01
1.889600000000000080e+01
1.892800000000000082e+01
1.896000000000000085e+01
1.899200000000000088e+01
1.903999999999999915e+01
1.907199999999999918e+01
1.910399999999999920e+01
1.913599999999999923e+01
1.916799999999999926e+01
1.920100000000000051e+01
1.923199999999999932e+01
1.926399999999999935e+01
1.929500000000000171e+01
1.932799999999999940e+01
1.937600000000000122e+01
1.940800000000000125e+01
1.944000000000000128e+01
1.947200000000000131e+01
1.950300000000000011e+01
1.953500000000000014e+01
1.956700000000000017e+01
1.959900000000000020e+01
1.963100000000000023e+01
1.966300000000000026e+01
1.971199999999999974e+01
1.974399999999999977e+01
1.977599999999999980e+01
1.980799999999999983e+01
1.983999999999999986e+01
1.987099999999999866e+01
1.990399999999999991e+01
1.993499999999999872e+01
1.996799999999999997e+01
2.000000000000000000e+01
2.003200000000000003e+01
2.007999999999999829e+01
2.011199999999999832e+01
2.014399999999999835e+01
2.017500000000000071e+01
2.020700000000000074e+01
2.023999999999999844e+01
2.027199999999999847e+01
2.030399999999999849e+01
2.033599999999999852e+01
2.036799999999999855e+01
2.041600000000000037e+01
2.044800000000000040e+01
2.048000000000000043e+01
2.051200000000000045e+01
2.054400000000000048e+01
2.057600000000000051e+01
2.060800000000000054e+01
2.063899999999999935e+01
2.067099999999999937e+01
2.070299999999999940e+01
2.075300000000000011e+01
2.078399999999999892e+01
2.081599999999999895e+01
2.084799999999999898e+01
2.087999999999999901e+01
2.091199999999999903e+01
2.094399999999999906e+01
2.097599999999999909e+01
2.100799999999999912e+01
2.103999999999999915e+01
2.108800000000000097e+01
2.112000000000000099e+01
2.115299999999999869e+01
2.118400000000000105e+01
2.121600000000000108e+01
2.124800000000000111e+01
2.128000000000000114e+01
2.131200000000000117e+01
2.134400000000000119e+01
2.137600000000000122e+01
2.142299999999999827e+01
2.145499999999999829e+01
2.148799999999999955e+01
2.152100000000000080e+01
2.155300000000000082e+01
2.158500000000000085e+01
2.161599999999999966e+01
2.164699999999999847e+01
2.167999999999999972e+01
2.171199999999999974e+01
2.176000000000000156e+01
2.179200000000000159e+01
2.182300000000000040e+01
2.185600000000000165e+01
2.188800000000000168e+01
2.192000000000000171e+01
2.195299999999999940e+01
2.198499999999999943e+01
2.201699999999999946e+01
2.204799999999999827e+01
2.207999999999999829e+01
2.212800000000000011e+01
2.216000000000000014e+01
2.219200000000000017e+01
2.222400000000000020e+01
2.225600000000000023e+01
2.228900000000000148e+01
2.232000000000000028e+01
2.235300000000000153e+01
2.238500000000000156e+01
2.241700000000000159e+01
2.246399999999999864e+01
2.249599999999999866e+01
2.252799999999999869e+01
2.255999999999999872e+01
2.259100000000000108e+01
2.262399999999999878e+01
2.265599999999999881e+01
2.268700000000000117e+01
2.271999999999999886e+01
2.275300000000000011e+01
2.279899999999999949e+01
2.283200000000000074e+01
2.286400000000000077e+01
2.289499999999999957e+01
2.292800000000000082e+01
2.296000000000000085e+01
2.299099999999999966e+01
2.302400000000000091e+01
2.305600000000000094e+01
2.308800000000000097e+01
2.313500000000000156e+01
2.316799999999999926e+01
2.319999999999999929e+01
2.323100000000000165e+01
2.326300000000000168e+01
2.329599999999999937e+01
2.332799999999999940e+01
2.335999999999999943e+01
2.339199999999999946e+01
2.342399999999999949e+01
2.347200000000000131e+01
2.350400000000000134e+01
2.353600000000000136e+01
2.356800000000000139e+01
2.360000000000000142e+01
2.363200000000000145e+01
2.366400000000000148e+01
2.369600000000000151e+01
2.372700000000000031e+01
2.376000000000000156e+01
2.379200000000000159e+01
2.383999999999999986e+01
2.387199999999999989e+01
2.390399999999999991e+01
2.393599999999999994e+01
2.396799999999999997e+01
2.400000000000000000e+01
2.403099999999999881e+01
2.406299999999999883e+01
2.409600000000000009e+01
2.412800000000000011e+01
2.417500000000000071e+01
2.420700000000000074e+01
2.423999999999999844e+01
2.427100000000000080e+01
2.430399999999999849e+01
2.433599999999999852e+01
2.436700000000000088e+01
2.439900000000000091e+01
2.443100000000000094e+01
2.446300000000000097e+01
2.451099999999999923e+01
2.454400000000000048e+01
2.457600000000000051e+01
2.460699999999999932e+01
2.463899999999999935e+01
2.467099999999999937e+01
2.470400000000000063e+01
2.473600000000000065e+01
2.476800000000000068e+01
2.479899999999999949e+01
2.484799999999999898e+01
2.487999999999999901e+01
2.491100000000000136e+01
2.494300000000000139e+01
2.497599999999999909e+01
2.500799999999999912e+01
2.503999999999999915e+01
2.507199999999999918e+01
2.510399999999999920e+01
2.513599999999999923e+01
2.518400000000000105e+01
2.521600000000000108e+01
2.524899999999999878e+01
2.528099999999999881e+01
2.531200000000000117e+01
2.534499999999999886e+01
2.537500000000000000e+01
2.540700000000000003e+01
2.544000000000000128e+01
2.547200000000000131e+01
2.550300000000000011e+01
2.555199999999999960e+01
2.558399999999999963e+01
2.561599999999999966e+01
2.564799999999999969e+01
2.568100000000000094e+01
2.571199999999999974e+01
2.574399999999999977e+01
2.577499999999999858e+01
2.580799999999999983e+01
2.583999999999999986e+01
2.588800000000000168e+01
2.592000000000000171e+01
2.595200000000000173e+01
2.598399999999999821e+01
2.601699999999999946e+01
2.604799999999999827e+01
2.607999999999999829e+01
2.611199999999999832e+01
2.614300000000000068e+01
2.617599999999999838e+01
2.622400000000000020e+01
2.625600000000000023e+01
2.628800000000000026e+01
2.632100000000000151e+01
2.635300000000000153e+01
2.638400000000000034e+01
2.641700000000000159e+01
2.644800000000000040e+01
2.648000000000000043e+01
2.651099999999999923e+01
2.655999999999999872e+01
2.659199999999999875e+01
2.662399999999999878e+01
2.665599999999999881e+01
2.668799999999999883e+01
2.671999999999999886e+01
2.675199999999999889e+01
2.678399999999999892e+01
2.681599999999999895e+01
2.684799999999999898e+01
2.689600000000000080e+01
2.692699999999999960e+01
2.696000000000000085e+01
2.699200000000000088e+01
2.702400000000000091e+01
2.705600000000000094e+01
2.708899999999999864e+01
2.712000000000000099e+01
2.715299999999999869e+01
2.718499999999999872e+01
2.721600000000000108e+01
2.726399999999999935e+01
2.729500000000000171e+01
2.732700000000000173e+01
2.735999999999999943e+01
2.739199999999999946e+01
2.742599999999999838e+01
2.745599999999999952e+01
2.748900000000000077e+01
2.752100000000000080e+01
2.755300000000000082e+01
2.760000000000000142e+01
2.763100000000000023e+01
2.766300000000000026e+01
2.769500000000000028e+01
2.772700000000000031e+01
2.775900000000000034e+01
2.779200000000000159e+01
2.782400000000000162e+01
2.785600000000000165e+01
2.788899999999999935e+01
2.793499999999999872e+01
2.796799999999999997e+01
2.800000000000000000e+01
2.803200000000000003e+01
2.806400000000000006e+01
2.809600000000000009e+01
2.812800000000000011e+01
2.816000000000000014e+01
2.819200000000000017e+01
2.822400000000000020e+01
2.827199999999999847e+01
2.830399999999999849e+01
2.833699999999999974e+01
2.836799999999999855e+01
2.839900000000000091e+01
2.843100000000000094e+01
2.846399999999999864e+01
2.849500000000000099e+01
2.852799999999999869e+01
2.855900000000000105e+01
2.860800000000000054e+01
2.864000000000000057e+01
2.867200000000000060e+01
2.870400000000000063e+01
2.873499999999999943e+01
2.876699999999999946e+01
2.879899999999999949e+01
2.883099999999999952e+01
2.886299999999999955e+01
2.889499999999999957e+01
2.894300000000000139e+01
2.897599999999999909e+01
2.900700000000000145e+01
2.903900000000000148e+01
2.907100000000000151e+01
2.910300000000000153e+01
2.913500000000000156e+01
2.916799999999999926e+01
2.919900000000000162e+01
2.923100000000000165e+01
2.926399999999999935e+01
2.931299999999999883e+01
2.934499999999999886e+01
2.937600000000000122e+01
2.940800000000000125e+01
2.944000000000000128e+01
2.947200000000000131e+01
2.950400000000000134e+01
2.953600000000000136e+01
2.956700000000000017e+01
2.959900000000000020e+01
2.964799999999999969e+01
2.968199999999999861e+01
2.971300000000000097e+01
2.974399999999999977e+01
2.977700000000000102e+01
2.980699999999999861e+01
2.983899999999999864e+01
2.987199999999999989e+01
2.990299999999999869e+01
2.993499999999999872e+01
2.998499999999999943e+01
3.001699999999999946e+01
3.004899999999999949e+01
3.008200000000000074e+01
3.011299999999999955e+01
3.014399999999999835e+01
3.017599999999999838e+01
3.020799999999999841e+01
3.023999999999999844e+01
3.027100000000000080e+01
3.032000000000000028e+01
3.035200000000000031e+01
3.038400000000000034e+01
3.041600000000000037e+01
3.044900000000000162e+01
3.048199999999999932e+01
3.051300000000000168e+01
3.054400000000000048e+01
3.057600000000000051e+01
3.060800000000000054e+01
3.065599999999999881e+01
3.068799999999999883e+01
3.071999999999999886e+01
3.075300000000000011e+01
3.078500000000000014e+01
3.081700000000000017e+01
3.084900000000000020e+01
3.088200000000000145e+01
3.091300000000000026e+01
3.094500000000000028e+01
3.097599999999999909e+01
3.102400000000000091e+01
3.105600000000000094e+01
3.108800000000000097e+01
3.112000000000000099e+01
3.115200000000000102e+01
3.118400000000000105e+01
3.121699999999999875e+01
3.124899999999999878e+01
3.128099999999999881e+01
3.131299999999999883e+01
3.135899999999999821e+01
3.139199999999999946e+01
3.142299999999999827e+01
3.145499999999999829e+01
3.148699999999999832e+01
3.151999999999999957e+01
3.155199999999999960e+01
3.158399999999999963e+01
3.161700000000000088e+01
3.164799999999999969e+01
3.169600000000000151e+01
3.172700000000000031e+01
3.175900000000000034e+01
3.179100000000000037e+01
3.182300000000000040e+01
3.185500000000000043e+01
3.188800000000000168e+01
3.192000000000000171e+01
3.195200000000000173e+01
3.198399999999999821e+01
3.203100000000000591e+01
3.206300000000000239e+01
3.209500000000000597e+01
3.212800000000000011e+01
3.215900000000000603e+01
3.219200000000000017e+01
3.222300000000000608e+01
3.225500000000000256e+01
3.228800000000000381e+01
3.232000000000000028e+01
3.236700000000000443e+01
3.240000000000000568e+01
3.243200000000000216e+01
3.246400000000000574e+01
3.249500000000000455e+01
3.252800000000000580e+01
3.255900000000000460e+01
3.259100000000000108e+01
3.262400000000000233e+01
3.265500000000000114e+01
3.268800000000000239e+01
3.273600000000000421e+01
3.276700000000000301e+01
3.279900000000000659e+01
3.283100000000000307e+01
3.286300000000000665e+01
3.289500000000000313e+01
3.292800000000000438e+01
3.296000000000000085e+01
3.299200000000000443e+01
3.302400000000000091e+01
3.307100000000000506e+01
3.310300000000000153e+01
3.313600000000000279e+01
3.316700000000000159e+01
3.319900000000000517e+01
3.323200000000000642e+01
3.326400000000000290e+01
3.329500000000000171e+01
3.332700000000000529e+01
3.335900000000000176e+01
3.340800000000000125e+01
3.344100000000000250e+01
3.347200000000000131e+01
3.350400000000000489e+01
3.353600000000000136e+01
3.356800000000000495e+01
3.359900000000000375e+01
3.363100000000000023e+01
3.366400000000000148e+01
3.369500000000000028e+01
3.374500000000000455e+01
3.377700000000000102e+01
3.380800000000000693e+01
3.384000000000000341e+01
3.387100000000000222e+01
3.390400000000000347e+01
3.393500000000000227e+01
3.396700000000000585e+01
3.399900000000000233e+01
3.403100000000000591e+01
3.408100000000000307e+01
3.411300000000000665e+01
3.414500000000000313e+01
3.417600000000000193e+01
3.420800000000000551e+01
3.424000000000000199e+01
3.427200000000000557e+01
3.430400000000000205e+01
3.433600000000000563e+01
3.436800000000000210e+01
3.441600000000000392e+01
3.444900000000000517e+01
3.448200000000000642e+01
3.451300000000000523e+01
3.454500000000000171e+01
3.457600000000000051e+01
3.460800000000000409e+01
3.464000000000000057e+01
3.467100000000000648e+01
3.470400000000000063e+01
